0.9974716546305691
0.9964467850794275
0.9927684309252773
0.98660141445068
0.928320598171418
0.8848270608718136
0.7949838218200638
0.7099600430712643
0.6393749904201691
0.6140864060585758
0.6375411845833422
0.5612790448119841
0.5733817232301436
0.5231434654399573
0.5563874865870878
0.5663527873266174
0.5841907921684794
0.5291027818099562
0.5098956927477595
0.5301602832883238
0.49838026639926863
0.5175150857273355
0.4654022336724293
0.4794278713953064
0.4902463266289378
0.4738994420292866
0.48004456259400013
0.44782984921013014
0.44600327609174223
0.45533785933112525
0.4628724811306919
0.47277148893798693
0.43423935690199034
0.4031351088400347
0.4357726301953017
0.44561631438961946
0.4202615657305143
0.4128889709890607
0.40656975109175025
0.41772772039634637
0.4093816990414298
0.4036935760852802
0.4213298148060419
0.40043113937219943
0.7701540000467415
0.42845893767942866
0.39742536187531
0.4833261884120573
0.409474336957357
0.39102640712117576
0.3944251566048128
0.4131960992712572
0.37535464009606695
0.3893024436680667
0.3784537230988583
0.37869377766388007
0.36539394704692335
0.3818577774856464
0.3724845532013709
0.35958988237452794
0.37650356531502255
0.3773239342922188
0.37687963767942173
0.3825705644775586
0.3628369752003486
0.37303815252450573
0.3652007672262479
0.38731353415782194
0.367635583662125
0.3670984045209655
0.35855351415384246
0.36199937644134084
0.36042218592511605
0.35570898230176373
0.36345686494226914
0.3539490040885397
0.36062766423067416
0.3560652906995222
0.3801741177238614
0.3623874232352498
0.35105321511446713
0.3668450380125678
0.34695421877395677
0.362093790108899
0.3578352384179471
0.3460373452090355
0.3505671228091401
0.368856918021857
0.4031527497502695
0.34861883655729065
0.3409543652311865
0.3526821054787521
0.3639078555875514
0.34511938951460713
0.3458716318190816
0.33532044004244976
0.3582493450986334
0.3399675781109247
0.34396547186805543
0.34657167948513146
0.3325565101870571
0.3450715148664383
0.3524181007979864
0.3447987592543464
0.34250929942691183
0.33309860644211253
0.3297941817576627
0.33892938467752504
0.3348666571349983
0.3501504755702363
0.3408871785883444
0.33506947253123825
0.35214617426495953
0.3418232680982854
0.33600590656320733
0.33188689060239907
0.33151385403541195
0.34346265121396763
0.3509125910609601
0.35364966345838755
0.3348664424146514
0.33618640702172936
0.32414262086512097
0.3375499487282282
0.33504231112549104
0.3212997558784772
0.33305844081094466
0.3372388235237225
0.33916449080030603
0.3417596235332719
0.3277234154113804
0.3340142903378211
0.33658683066626627
0.331113714320832
0.3297239850802594
0.32892496435039015
0.3206123790468078
0.32518008943781795
0.32755358095269604
0.3221577956195337
0.3356682518160487
0.3251311285309045
0.32799440999347046
0.32626330358795375
0.33151829862091914
0.3188200351524066
0.3339714712227683
0.3433919639652034
0.32013643874102327
0.3161404468567975
0.3252220147524972
0.3179543130548604
0.32145661088716554
0.31210956192878353
0.33032371480780914
0.3111400896885309
0.33107665046510926
0.337719026997865
0.31766599057668665
0.3208303416529334
0.3173264581036855
0.3121627806180931
0.3122967360429017
0.3291222742163991
0.341149100068822
0.31107327225337544
0.3239434734884515
0.31858361314937295
0.31805841768362436
0.31123093443821714
0.32935712791710015
0.3181485738380846
0.3266563843711313
0.3199956234858697
0.3155511167932706
0.32597603182117624
0.32072321792323905
0.3209955668054431
0.3206104551812252
0.30590561705540464
0.30716715771031666
0.3158156779336642
0.3116911599435002
0.3249878494674901
0.31361963465271225
0.32982412375599507
0.31901204128222294
0.31152295707220057
0.32365633349820794
0.30778051993574007
0.32353054507669193
0.3201791204242821
0.3080664084977414
0.35681235503001385
0.3160878992583378
0.32762848253709725
0.3314941644848111
0.318000634840454
0.33408679400222846
0.30850440919040195
0.3136862392526075
0.30486862621752614
0.30375559475407543
0.3115203569991043
0.31554754338709706
0.3076620617185731
0.3057617651949446
0.30886222458029366
0.3103507502251361
0.31186045930687206
0.3101656566183251
0.30386258796396026
0.3117031739598297
0.32378582342202405
0.30199188568505897
0.301679698279105
0.30373991819390334
0.31031578186764774
0.2992350811879319
0.3054821221045701
0.31436254030250643
0.2976745260228594
0.3299815248114517
0.308829125869705
0.3005529753414981
0.317070515938552
0.3066142965332571
0.30475517389285994
0.2979908546949007
0.3213458322437413
0.31142294568469725
0.2972893654761544
0.3087838540773794
0.3122824992401054
0.30312347151787883
0.31198859035250653
0.29899763037641364
0.2983147282916379
0.2933841024536684
0.3024555076676679
0.30578265482761774
0.2954602076346616
0.30203829328697845
0.30515986384756594
0.2976589798927307
0.3111255358321121
0.30743686747120086
0.29814332014465905
0.29152239939893587
0.3019196402775236
0.3011213580527938
0.3076568031346942
0.30168248156467115
0.30494952578860596
0.30174184500812046
0.2888841831001891
0.29911960311323765
0.3033648882824254
0.29330382496118546
0.3031856501138354
0.3037792536688138
0.29370948582528583
0.3030240713472826
0.29610391643392037
0.2930756504815745
0.3234184606965766
0.30916060534227324
0.31222312708935107
0.2958964260227709
0.29138153917100057
0.30065309866724244
0.3000355659120054
0.29265505084431315
0.292101683027773
0.29597627964005413
0.2936532139239541
0.2908091127692935
0.2914757478129433
0.3007826583392649
0.294419538364353
0.2936177817453821
0.3158478580684547
0.29682322555636786
0.2924677486340684
0.29239376616406154
0.29536107676215917
0.2922920393477003
0.2884622082473284
0.28918494544474477
0.30741681391934317
0.29329581845955677
0.2954911522297974
0.29817639075847996
0.2994972243007407
0.2959787947047188
0.294175314616008
0.2994996786835682
0.2941612269145897
0.2917264481804457
0.29364838783281394
0.29454838583268317
0.3027600803109537
0.30512911359588785
0.3075816746217659
0.2882879032607538
0.29596489605056236
0.2925679497869618
0.2974608864590346
0.3303663123802966
0.297205873551857
0.29128183989998807
0.2910739139440548
0.29318836403180315
0.3103109457227121
0.29946807269231385
0.29159797952476757
0.2969794681811907
0.2913890454963029
0.28753112068018283
0.2910561396414975
0.2939573496759656
0.2896799854485385
0.3019003649073911
0.2946022809988045
0.28558250283261377
0.3027535445359816
0.2982854316213045
0.3020112825086318
0.28629137180655834
0.29391737677246693
0.299132391271821
0.2976497062538044
0.2880344168249383
0.28978779876088523
0.29446756004928104
0.2921478076871619
0.2792070625596736
0.28846205384975454
0.2896460593644395
0.2875913481216833
0.2935795589204294
0.297634037593043
0.28572038408503475
0.28915436529969596
0.28687479553452455
0.2865981621196471
0.29167753610625324
0.2871704702097249
0.2847107882241169
0.28947246047746705
0.2919267117079482
0.2967038522642779
0.29175427933055237
0.29309986531734467
0.2933175646397005
0.2850140384342297
0.2898129532674709
0.2884658495166216
0.29607486581227865
0.29289801400828075
0.2921007887785693
0.29452330188219805
0.2898524146841233
0.2899437186768256
0.28994476202740727
0.2968985485922859
0.2993599370301488
0.29783984964870547
0.28784000415758915
0.28849811115896845
0.28341327086988705
0.28620733320713043
0.2830970979419099
0.2925641428095749
0.29223208650048954
0.2847370865294732
0.28056823848241785
0.28333357551011695
0.282106245138559
0.2810647648321577
0.28671209918088225
0.28863235724618636
0.290106791060373
0.2847852275134569
0.27877577932843245
0.28285456143588905
0.2850331609328109
0.2884367952145726
0.28399027506989166
0.2793702241706561
0.29914740437125587
0.2862604621304087
0.2889177315385945
0.28654861136014204
0.2880750022918345
0.29187209832381056
0.2939795619213437
0.2964247753282627
0.28149123732225007
0.29336254738540535
0.28259277182171144
0.29257839828370563
0.2849140721092741
0.28744470956454793
0.2885559874485774
0.2989024201250938
0.2891390889164913
0.2914281476692981
0.28419837885233296
0.28096373711364814
0.29200163869613627
0.2889989513051079
0.2856277271387089
0.2890186629381524
0.287439993167498
0.2907204852405801
0.2841615133795394
0.29852649641324236
0.29594666492867183
0.28725298503077173
0.28547530154506845
0.29270120243351144
0.28309205838714735
0.29322160933032093
0.30637091505958375
0.29133579296519957
0.2909727436770876
0.29141795078673993
0.2871938340635185
0.28913743614432325
0.28185521649668016
0.29324085444930087
0.30061607798898077
0.28558767954987213
0.2818146669361965
0.27717244696904375
0.2880272641777992
0.29073149980191726
0.2895103618502617
0.2833629923771663
0.28274090561162996
0.28572086918066786
0.28219770397766525
0.28711939531277464
0.28880142258951463
0.2869164730051914
0.27989910650684174
0.2819206564720855
0.28859627004488403
0.28086676448583603
